255 255 255 255 255 255 255 255 255 255 255 255 255 255 255 255
255 255 255 255 255 255 255 255 255 255 255 255 255 255 255 255
255 255   0   0   0   0   0   0   0   0   0   0   0   0 255 255
255 255   0   0   0   0   0   0   0   0   0   0   0   0 255 255
255 255   0   0   0   0   0   0   0   0   0   0   0   0 255 255
255 255   0   0   0 255 255 255 255 255 255   0   0   0 255 255
255 255   0   0   0 255 255   0   0   0 249   0   0   0 255 255
255 255   0   0   0 255 253 255   0 255   0   0   0   0 255 255
255 255   0   0   0 255   0  34   0   0 255   0   0   0 255 255
255 255   0   0   0   0 255 253   0 255   0   0   0   0 255 255
255 255   0   0   0 255 255 255 255 255 255   0   0   0 255 255
255 255   0   0   0   0   0   0   0   0   0   0   0   0 255 255
255 255   0   0   0   0   0   0   0   0   0   0   0   0 255 255
255 255   0   0   0   0   0   0   0   0   0   0   0   0 255 255
255 255 255 255 255 255 255 255 255 255 255 255 255 255 255 255
255 255 255 255 255 255 255 255 255 255 255 255 255 255 255 255
255 255 255 255 255 255 255 255 255 255 255 255 255 255 255 255
255 255 255 255 255 255 255 255 255 255 255 255 255 255 255 255
255 255   0   0   0   0   0   0   0   0   0   0   0   0 255 255
255 255   0   0   0   0   0   0   0   0   0   0   0   0 255 255
255 255   0   0   0   0   0   0   0   0   0   0   0   0 255 255
255 255   0   0   0 255 255 255 255 255 255   0   0   0 255 255
255 255   0   0   0 255 255   0   0   0 249   0   0   0 255 255
255 255   0   0   0 255 253 255   0 255   0   0   0   0 255 255
255 255   0   0   0 255   0  34   0   0 255   0   0   0 255 255
255 255   0   0   0   0 255 253   0 255   0   0   0   0 255 255
255 255   0   0   0 255 255 255 255 255 255   0   0   0 255 255
255 255   0   0   0   0   0   0   0   0   0   0   0   0 255 255
255 255   0   0   0   0   0   0   0   0   0   0   0   0 255 255
255 255   0   0   0   0   0   0   0   0   0   0   0   0 255 255
255 255 255 255 255 255 255 255 255 255 255 255 255 255 255 255
255 255 255 255 255 255 255 255 255 255 255 255 255 255 255 255
255 255 255 255 255 255 255 255 255 255 255 255 255 255 255 255
255 255 255 255 255 255 255 255 255 255 255 255 255 255 255 255
255 255   0   0   0   0   0   0   0   0   0   0   0   0 255 255
255 255   0   0   0   0   0   0   0   0   0   0   0   0 255 255
255 255   0   0   0   0   0   0   0   0   0   0   0   0 255 255
255 255   0   0   0 255 255 255 255 255 255   0   0   0 255 255
255 255   0   0   0 255 255   0   0   0 249   0   0   0 255 255
255 255   0   0   0 255 253 255   0 255   0   0   0   0 255 255
255 255   0   0   0 255   0  34   0   0 255   0   0   0 255 255
255 255   0   0   0   0 255 253   0 255   0   0   0   0 255 255
255 255   0   0   0 255 255 255 255 255 255   0   0   0 255 255
255 255   0   0   0   0   0   0   0   0   0   0   0   0 255 255
255 255   0   0   0   0   0   0   0   0   0   0   0   0 255 255
255 255   0   0   0   0   0   0   0   0   0   0   0   0 255 255
255 255 255 255 255 255 255 255 255 255 255 255 255 255 255 255
255 255 255 255 255 255 255 255 255 255 255 255 255 255 255 255

255 255 255 255 255 255 255 255 255 255 255 255 255 255 255 255
255 255 255 255 255 255 255 255 255 255 255 255 255 255 255 255
255 255   0   0   0   0   0   0   0   0   0   0   0   0 255 255
255 255   0   0   0   0   0   0   0   0   0   0   0   0 255 255
255 255   0   0   0   0   0   0   0   0   0   0   0   0 255 255
255 255   0   0   0 255 249   0 255   0 255   0   0   0 255 255
255 255   0   0   0 255   0 255   0 255 255   0   0   0 255 255
255 255   0   0   0 255   0   0   0   0 255   0   0   0 255 255
255 255   0   0   0 255   0 255  34 253 255   0   0   0 255 255
255 255   0   0   0 255 255 253   0 255 255   0   0   0 255 255
255 255   0   0   0 255 255 255 255   0 255   0   0   0 255 255
255 255   0   0   0   0   0   0   0   0   0   0   0   0 255 255
255 255   0   0   0   0   0   0   0   0   0   0   0   0 255 255
255 255   0   0   0   0   0   0   0   0   0   0   0   0 255 255
255 255 255 255 255 255 255 255 255 255 255 255 255 255 255 255
255 255 255 255 255 255 255 255 255 255 255 255 255 255 255 255
255 255 255 255 255 255 255 255 255 255 255 255 255 255 255 255
255 255 255 255 255 255 255 255 255 255 255 255 255 255 255 255
255 255   0   0   0   0   0   0   0   0   0   0   0   0 255 255
255 255   0   0   0   0   0   0   0   0   0   0   0   0 255 255
255 255   0   0   0   0   0   0   0   0   0   0   0   0 255 255
255 255   0   0   0 255 249   0 255   0 255   0   0   0 255 255
255 255   0   0   0 255   0 255   0 255 255   0   0   0 255 255
255 255   0   0   0 255   0   0   0   0 255   0   0   0 255 255
255 255   0   0   0 255   0 255  34 253 255   0   0   0 255 255
255 255   0   0   0 255 255 253   0 255 255   0   0   0 255 255
255 255   0   0   0 255 255 255 255   0 255   0   0   0 255 255
255 255   0   0   0   0   0   0   0   0   0   0   0   0 255 255
255 255   0   0   0   0   0   0   0   0   0   0   0   0 255 255
255 255   0   0   0   0   0   0   0   0   0   0   0   0 255 255
255 255 255 255 255 255 255 255 255 255 255 255 255 255 255 255
255 255 255 255 255 255 255 255 255 255 255 255 255 255 255 255
255 255 255 255 255 255 255 255 255 255 255 255 255 255 255 255
255 255 255 255 255 255 255 255 255 255 255 255 255 255 255 255
255 255   0   0   0   0   0   0   0   0   0   0   0   0 255 255
255 255   0   0   0   0   0   0   0   0   0   0   0   0 255 255
255 255   0   0   0   0   0   0   0   0   0   0   0   0 255 255
255 255   0   0   0 255 249   0 255   0 255   0   0   0 255 255
255 255   0   0   0 255   0 255   0 255 255   0   0   0 255 255
255 255   0   0   0 255   0   0   0   0 255   0   0   0 255 255
255 255   0   0   0 255   0 255  34 253 255   0   0   0 255 255
255 255   0   0   0 255 255 253   0 255 255   0   0   0 255 255
255 255   0   0   0 255 255 255 255   0 255   0   0   0 255 255
255 255   0   0   0   0   0   0   0   0   0   0   0   0 255 255
255 255   0   0   0   0   0   0   0   0   0   0   0   0 255 255
255 255   0   0   0   0   0   0   0   0   0   0   0   0 255 255
255 255 255 255 255 255 255 255 255 255 255 255 255 255 255 255
255 255 255 255 255 255 255 255 255 255 255 255 255 255 255 255

255 255 255 255 255 255 255 255 255 255 255 255 255 255 255 255
255 214 153 153 153 153 153 153 153 153 153 153 153 153 214 255
255 153   0   0   0   0   0   0   0   0   0   0   0   0 153 255
255 153   0   0   0   0   0   0   0   0   0   0   0   0 153 255
255 153   0   0  11  52  52  52  52  52  52  11   0   0 153 255
255 153   0   0  52 254 255 254 254 255 254  52   0   0 153 255
255 153   0   0  52  83 238  72 125 189  60  48   0   0 153 255
255 153   0   0  52 139  71  30  73  20 213  52   0   0 153 255
255 153   0   0  52  67 224  61  65 146 255  52   0   0 153 255
255 153   0   0  52 164  95  94 118 253 255  52   0   0 153 255
255 153   0   0  52 255 255 255 255 255 255  52   0   0 153 255
255 153   0   0  11  52  52  52  52  52  52  11   0   0 153 255
255 153   0   0   0   0   0   0   0   0   0   0   0   0 153 255
255 153   0   0   0   0   0   0   0   0   0   0   0   0 153 255
255 214 153 153 153 153 153 153 153 153 153 153 153 153 214 255
255 255 255 255 255 255 255 255 255 255 255 255 255 255 255 255
255 255 255 255 255 255 255 255 255 255 255 255 255 255 255 255
255 214 153 153 153 153 153 153 153 153 153 153 153 153 214 255
255 153   0   0   0   0   0   0   0   0   0   0   0   0 153 255
255 153   0   0   0   0   0   0   0   0   0   0   0   0 153 255
255 153   0   0  11  52  52  52  52  52  52  11   0   0 153 255
255 153   0   0  52 254 255 254 254 255 254  52   0   0 153 255
255 153   0   0  52  83 238  72 125 189  60  48   0   0 153 255
255 153   0   0  52 139  71  30  73  20 213  52   0   0 153 255
255 153   0   0  52  67 224  61  65 146 255  52   0   0 153 255
255 153   0   0  52 164  95  94 118 253 255  52   0   0 153 255
255 153   0   0  52 255 255 255 255 255 255  52   0   0 153 255
255 153   0   0  11  52  52  52  52  52  52  11   0   0 153 255
255 153   0   0   0   0   0   0   0   0   0   0   0   0 153 255
255 153   0   0   0   0   0   0   0   0   0   0   0   0 153 255
255 214 153 153 153 153 153 153 153 153 153 153 153 153 214 255
255 255 255 255 255 255 255 255 255 255 255 255 255 255 255 255
255 255 255 255 255 255 255 255 255 255 255 255 255 255 255 255
255 214 153 153 153 153 153 153 153 153 153 153 153 153 214 255
255 153   0   0   0   0   0   0   0   0   0   0   0   0 153 255
255 153   0   0   0   0   0   0   0   0   0   0   0   0 153 255
255 153   0   0  11  52  52  52  52  52  52  11   0   0 153 255
255 153   0   0  52 254 255 254 254 255 254  52   0   0 153 255
255 153   0   0  52  83 238  72 125 189  60  48   0   0 153 255
255 153   0   0  52 139  71  30  73  20 213  52   0   0 153 255
255 153   0   0  52  67 224  61  65 146 255  52   0   0 153 255
255 153   0   0  52 164  95  94 118 253 255  52   0   0 153 255
255 153   0   0  52 255 255 255 255 255 255  52   0   0 153 255
255 153   0   0  11  52  52  52  52  52  52  11   0   0 153 255
255 153   0   0   0   0   0   0   0   0   0   0   0   0 153 255
255 153   0   0   0   0   0   0   0   0   0   0   0   0 153 255
255 214 153 153 153 153 153 153 153 153 153 153 153 153 214 255
255 255 255 255 255 255 255 255 255 255 255 255 255 255 255 255

255 255 255 255 255 255 255 255 255 255 255 255 255 255 255 255
255 214 153 153 153 153 153 153 153 153 153 153 153 153 214 255
255 153   0   0   0   0   0   0   0   0   0   0   0   0 153 255
255 153   0   0   0   0   0   0   0   0   0   0   0   0 153 255
255 153   0   0  11  52  48  52  52  52  52  11   0   0 153 255
255 153   0   0  52 254  60 213 255 255 255  52   0   0 153 255
255 153   0   0  52 255 189  20 146 253 255  52   0   0 153 255
255 153   0   0  52 254 125  73  65 118 255  52   0   0 153 255
255 153   0   0  52 254  72  30  61  94 255  52   0   0 153 255
255 153   0   0  52 255 238  71 224  95 255  52   0   0 153 255
255 153   0   0  52 254  83 139  67 164 255  52   0   0 153 255
255 153   0   0  11  52  52  52  52  52  52  11   0   0 153 255
255 153   0   0   0   0   0   0   0   0   0   0   0   0 153 255
255 153   0   0   0   0   0   0   0   0   0   0   0   0 153 255
255 214 153 153 153 153 153 153 153 153 153 153 153 153 214 255
255 255 255 255 255 255 255 255 255 255 255 255 255 255 255 255
255 255 255 255 255 255 255 255 255 255 255 255 255 255 255 255
255 214 153 153 153 153 153 153 153 153 153 153 153 153 214 255
255 153   0   0   0   0   0   0   0   0   0   0   0   0 153 255
255 153   0   0   0   0   0   0   0   0   0   0   0   0 153 255
255 153   0   0  11  52  48  52  52  52  52  11   0   0 153 255
255 153   0   0  52 254  60 213 255 255 255  52   0   0 153 255
255 153   0   0  52 255 189  20 146 253 255  52   0   0 153 255
255 153   0   0  52 254 125  73  65 118 255  52   0   0 153 255
255 153   0   0  52 254  72  30  61  94 255  52   0   0 153 255
255 153   0   0  52 255 238  71 224  95 255  52   0   0 153 255
255 153   0   0  52 254  83 139  67 164 255  52   0   0 153 255
255 153   0   0  11  52  52  52  52  52  52  11   0   0 153 255
255 153   0   0   0   0   0   0   0   0   0   0   0   0 153 255
255 153   0   0   0   0   0   0   0   0   0   0   0   0 153 255
255 214 153 153 153 153 153 153 153 153 153 153 153 153 214 255
255 255 255 255 255 255 255 255 255 255 255 255 255 255 255 255
255 255 255 255 255 255 255 255 255 255 255 255 255 255 255 255
255 214 153 153 153 153 153 153 153 153 153 153 153 153 214 255
255 153   0   0   0   0   0   0   0   0   0   0   0   0 153 255
255 153   0   0   0   0   0   0   0   0   0   0   0   0 153 255
255 153   0   0  11  52  48  52  52  52  52  11   0   0 153 255
255 153   0   0  52 254  60 213 255 255 255  52   0   0 153 255
255 153   0   0  52 255 189  20 146 253 255  52   0   0 153 255
255 153   0   0  52 254 125  73  65 118 255  52   0   0 153 255
255 153   0   0  52 254  72  30  61  94 255  52   0   0 153 255
255 153   0   0  52 255 238  71 224  95 255  52   0   0 153 255
255 153   0   0  52 254  83 139  67 164 255  52   0   0 153 255
255 153   0   0  11  52  52  52  52  52  52  11   0   0 153 255
255 153   0   0   0   0   0   0   0   0   0   0   0   0 153 255
255 153   0   0   0   0   0   0   0   0   0   0   0   0 153 255
255 214 153 153 153 153 153 153 153 153 153 153 153 153 214 255
255 255 255 255 255 255 255 255 255 255 255 255 255 255 255 255
